2.434943380808903
6.3810552764878645
0.675782764041619
0.2976949387402176
0.6312823339812748
0.8124695260267334
0.38216715034744453
0.5009571658642665
0.8035121114486801
0.3687227162371114
0.3929917771026399


2.4270793155401065
6.341576377648178
0.6587317630156085
0.2874190238625383
0.6398896061059555
0.8218329012400666
0.3711947596952493
0.48889607709711047
0.8072423387424066
0.3601155129700627
0.38553132251518685


2.4290271076965073
6.359728856771454
0.6809997580856499
0.2963434905633074
0.6286342605854073
0.809439417166845
0.38386148777348283
0.5051455559505784
0.801827408019842
0.37137076844856165
0.39636118396031605


2.4307275533020087
6.3593086461122015
0.6792966007251257
0.29192986606986615
0.6343569377599485
0.8163478014543609
0.3777409787422868
0.4980391236786833
0.8037279897284814
0.3656481370550738
0.39256002054303724


2.43328624650044
6.374166097201405
0.6888135315267305
0.29592871406768245
0.6317736281729336
0.8099882884091846
0.38131454400908926
0.5027915478691016
0.8027677393126958
0.36823142597577857
0.3944805213746086


2.4365767209430755
6.395509142598169
0.6692829917356565
0.296692851071215
0.6327734896772412
0.8118849511684484
0.3812733377910524
0.4970951035678229
0.8070133893298713
0.36723157247029814
0.3859892213402574


2.4275776029013296
6.3491500134535555
0.6488655630046128
0.2853534009656958
0.6427233705091577
0.8221265078036385
0.3687260135904013
0.48330213512926
0.8113104376606443
0.3572817712367949
0.3773951246787116


2.430031363324706
6.368622490139716
0.6714217803184735
0.29421169336564346
0.6316533028367676
0.8100978433392328
0.38155174609699954
0.4994683305947678
0.8059437882455444
0.3683517503493486
0.3881284235089115


2.432226670774035
6.3731367835542425
0.6716277424505108
0.2903741908744269
0.6363338686821415
0.8159458451341861
0.3761740023592569
0.4937046172359785
0.8073175934186066
0.3636712219482046
0.3853808131627869


2.433859401535417
6.381760281416918
0.6805281671354255
0.294840142009647
0.633655434618496
0.8098130282104208
0.38014017376487824
0.4991463194858138
0.8058996705315383
0.3663496345845436
0.3882166589369236


2.4320348937970198
6.3794334946519475
0.6639037335685837
0.2971670577522264
0.6305442503379968
0.8125544093409396
0.38050066699383106
0.5006659211231028
0.8048305971823988
0.3694607939757675
0.3903548056352023


2.42849744866536
6.353093856526372
0.6508449713544385
0.2850650966867131
0.6434110112568635
0.8219047812204623
0.36864677133993384
0.48220809543207394
0.8119322818595943
0.3565941359901714
0.3761514362808116


2.4301450161089937
6.37284681590716
0.670901504445945
0.29462662017915436
0.6311203531736571
0.8106545359904509
0.3812882858656782
0.4990598175489157
0.8063734496125068
0.36888469574889593
0.38726910077498633


2.4321267930800543
6.371074263635427
0.6715458698926535
0.2897462552492924
0.6376864662224944
0.8165604621416266
0.3749881691233467
0.4919257123574491
0.8080952102352934
0.3623186352285457
0.38382557952941315


2.434297655768125
6.382577179918147
0.6812189006646808
0.29538815383876904
0.6340321568876572
0.8101278484025622
0.38028097303416414
0.4983252658591559
0.806356012378618
0.36597291532913845
0.38730397524276416


2.4378122347448135
6.401609664806325
0.6673839063809875
0.2951008714431837
0.6341995914090968
0.8122452935861151
0.38040803327819556
0.49406235102644547
0.8087123712200237
0.3658054821471638
0.3825912575599526


2.4298932258233195
6.368731375398294
0.6488006641182376
0.2855391230996459
0.6424806964537856
0.8212035913639804
0.3692942350276319
0.4828379208600523
0.8126861060223721
0.35752444335079037
0.3746437879552558


2.432219985348695
6.38163538785208
0.6733884672533029
0.2948891098359905
0.6315752820021168
0.8099244574971741
0.38200818339337994
0.49852123773817564
0.8071399150665837
0.368429770559835
0.38573616986683273


2.4389188742098953
6.403503392234626
0.681427732054351
0.29045782761782596
0.6393922172007259
0.8146253914097868
0.37608766583052844
0.4904035280628897
0.8103637441848814
0.3606128978962156
0.37928851163023697


2.436784139392634
6.394313894154507
0.6840366987935231
0.294584260616667
0.6350243964415122
0.8089964166597557
0.3805302102425766
0.4972139995676592
0.807412356761412
0.36498068371313963
0.38519128647717615


2.4346153077061294
6.379936774482833
0.6751957554234189
0.29772962205050374
0.6311339253194705
0.8125223072872002
0.3821229832225796
0.5011613038107182
0.8033924283503616
0.3688711237116571
0.39323114329927655


2.426606923411663
6.341219435951803
0.6599822043992969
0.28900017061061123
0.6378723166104531
0.8214649900886297
0.37312215083860756
0.4908600209839309
0.8063515775859865
0.36213278632737594
0.38731284482802686


2.428842765789382
6.359103265416716
0.6807946383582707
0.29636961128921036
0.628529694067587
0.8094731262056567
0.3838436521718892
0.5052881987457734
0.8017391494252047
0.37147533412985556
0.3965377011495904


2.4307655570031756
6.359897426360471
0.6794931596503537
0.29160395718283744
0.6343910056603718
0.8161317668009354
0.37745341724174974
0.49817676111856096
0.8036139637022923
0.3656140694271948
0.3927880725954156


2.4329729735929226
6.373062155143905
0.688188909670197
0.29595539762437134
0.6316472936759719
0.8100445466659891
0.38126977987838856
0.5029514913274131
0.8026668007121278
0.3683577594620709
0.39468239857574433


2.436136528952684
6.39385426932877
0.6686199450861411
0.2967119350869617
0.6326084181681997
0.8119706412224779
0.3811858470573623
0.4973444300124212
0.8068404783331884
0.3673966426587754
0.3863350433336232


2.421018382300827
6.3253557824973345
0.6423068540224385
0.28695147671509014
0.6388660988177419
0.822803686958943
0.3689371869997739
0.4890742461024304
0.807859118679579
0.361139012070283
0.38429776264084187


2.4295826181281206
6.3669387917144284
0.6707637935207186
0.2942573920671078
0.6314651475859638
0.810185258808089
0.3814766391036657
0.499739001043179
0.8057589152529161
0.3685399040949215
0.38849816949416793


2.431776333870622
6.371459158345926
0.6708816081399889
0.2903939532304284
0.6361519762598883
0.816031428445999
0.37609088106677224
0.4939607477544173
0.8071442839897699
0.3638531129153314
0.3857274320204604


2.4333478254492955
6.37989165798096
0.6796499111019145
0.2948702561605755
0.6334608310406027
0.8099085563249141
0.38004497873696447
0.4994154419738628
0.8057166789654966
0.36654423660562413
0.3885826420690069


2.436360655949033
6.394827696076546
0.6663982784070964
0.2951589022565464
0.6335264973542265
0.8127035722857443
0.38011074349721397
0.4950846992912516
0.8078245569116277
0.3664785708173262
0.3843668861767445


2.4279380100204664
6.3510329893526665
0.6500118271490124
0.2851168761757967
0.6431656430997996
0.8220116723099037
0.36856208327048634
0.48256094918703074
0.8116984345155864
0.35683950218430655
0.3766191309688272


2.429589373511423
6.37073160304881
0.6700896288502999
0.29466899377251266
0.6308911947342493
0.8107642731288072
0.3811887931605713
0.49940020672433444
0.8061384615885103
0.36911385235505095
0.3877390768229794


2.431568965795043
6.368997756763622
0.6706019001467859
0.2897703004406491
0.6374563658046289
0.8166656637429739
0.37488477712831897
0.4922469077499247
0.8078782912308105
0.362548733805624
0.38425941753837906


2.4340492685220156
6.383153201865348
0.6810303399892278
0.295010610513542
0.6336972008118228
0.8096906875233784
0.3802788123010778
0.49898596193930855
0.8060530938868152
0.366307868725346
0.3879098122263695


2.437166017277009
6.399161943821912
0.6663683037089659
0.29510132193657446
0.6339883829390675
0.812373972707165
0.38024912410772066
0.49438811286472634
0.8084775323475755
0.3660166889275417
0.38306093530484914


2.429239524255983
6.365729950163702
0.6486783850669946
0.28588614016548547
0.6420072296408743
0.8211262826948889
0.3695168299419362
0.483210205076866
0.8124998873475466
0.3579979063759982
0.37501622530490686


2.431543406313923
6.3790406341573584
0.6723997251804934
0.29491844395265715
0.631315503013141
0.8100659785645316
0.3818681121461919
0.49889581594288746
0.8068669217146965
0.3686895474705959
0.38628215657060677


2.4382016252820407
6.400760323736149
0.6801487375746469
0.2904310318659049
0.6391648411695837
0.8147659956073098
0.3758971455730845
0.4907502407269451
0.8101106626239138
0.3608402721083641
0.3797946747521723


2.4357986194911665
6.389081056323733
0.6826456893589817
0.29525236774898445
0.6346404604202653
0.8096421763431757
0.38057903332419313
0.49753877235057836
0.8071088651476831
0.36536461666292197
0.38579826970463355


2.431498782890076
6.368778050306402
0.6700915388186108
0.2980780102894727
0.6297681031578326
0.8130741535219443
0.38173125167963096
0.5030625279185257
0.802197788168924
0.37023693494680543
0.3956204236621523


2.4236075942173176
6.329161011482609
0.6531214511626438
0.28798213845854886
0.6382787716028477
0.8224065121981525
0.37095901802489156
0.4910382032796646
0.8059242063568312
0.36172633458659637
0.3881675872863378


2.425460564484777
6.347558382131024
0.673844182778446
0.29741026635044915
0.6265276370983556
0.8108424286514968
0.3837318235628096
0.5069558478067147
0.8005599721344732
0.3734773750827574
0.3988960557310536


2.4274795959163815
6.34821517788866
0.6733392265347437
0.29197016237788953
0.6329270749163366
0.8166946966627449
0.3770852280978954
0.5001118975212276
0.8024374691652608
0.3670779884598761
0.3951410616694786


2.4297856716552992
6.361611410330205
0.6822022674445158
0.2962923678909423
0.6303526697435096
0.810628214241221
0.38086373739370194
0.5046208891593891
0.8015894222972892
0.36965237303762266
0.39683715540542136


2.4313253323994197
6.375850209666413
0.6620258317923228
0.29706223413541694
0.6306240234602325
0.8128890312972893
0.38035704870921117
0.5003506509776418
0.8048016978228333
0.36938102149171204
0.3904126043543335


2.4223564880021784
6.329517747899679
0.6421103001322223
0.2860430704929973
0.6403371055184746
0.8230591659236155
0.36818273863117906
0.4867529133089614
0.8090300557862632
0.35966801713750957
0.38195588842747363


2.424837819931842
6.348913040099733
0.664399636317544
0.29486086354605284
0.6293532963839793
0.8111154909768618
0.3807966708658247
0.5027846425318088
0.8036926988625124
0.37065173840222965
0.39263060227497515


2.4269867583708353
6.353437901579171
0.6636383370366846
0.29070755735048937
0.634116589819
0.8169383973442624
0.37531483399268234
0.49688478771752226
0.8051796575348261
0.3658884830732582
0.38965668493034794


2.428057358655202
6.358482972375786
0.6712403124160893
0.2956768292289689
0.6315729229875534
0.8114555538531814
0.3791981997870506
0.5018471994880602
0.8038587893960017
0.36843212955552646
0.3922984212079965


2.430278611519296
6.372136512043682
0.6606815348229774
0.29695845360108386
0.630365779412666
0.8130899295803603
0.3798480779962354
0.5008321997415243
0.8044633096210938
0.3696392634733417
0.3910893807578124


2.4212850727079935
6.326345920019622
0.6412842092386168
0.28601427437267146
0.6400389932682222
0.8231593096678816
0.36787654793902164
0.4871070376210119
0.8087582891089878
0.35996612700288316
0.3824994217820244


2.4236208184705554
6.347938101124325
0.6645466216892859
0.29511379248935826
0.6280721037679171
0.8109660253096502
0.3807836158237269
0.5046440615056468
0.8028636167894725
0.37193292076882917
0.39428876642105526


2.4252806639283695
6.3463861586573875
0.6620624193296331
0.2905559931415366
0.6338789586474555
0.8172450305733177
0.37463586956693773
0.497452708367718
0.8046213604518873
0.36612611234376297
0.39077327909622533


2.427439123537849
6.358537954146947
0.6709357415368017
0.295546138534741
0.6310514132048212
0.8109523973173066
0.37916741992568015
0.5027872648446063
0.8034533089315467
0.36895363516621216
0.39310938213690677


2.4296377816918864
6.3703813158177365
0.6588307188031662
0.29670084763503873
0.6305632652332223
0.8132431734130012
0.3794488035825719
0.500490536742997
0.8046473844394433
0.3694417792326618
0.3907212311211135


2.4214771982342116
6.335351800951191
0.6399777226247305
0.28679140626449096
0.6385864175154263
0.8225322658273189
0.36852462608005615
0.4883968051358608
0.8089315544556601
0.3614186911351636
0.3821528910886797


2.4241459821954185
6.349611083979654
0.6643140466342085
0.29497474788788014
0.6285932989996238
0.8108413867547053
0.38061974211713473
0.5038828687257465
0.8034043074784128
0.3714117297066544
0.3932073850431743


2.4312277970318252
6.375154589031433
0.6699407388347869
0.2906191282968292
0.6357117396640263
0.8154709362828277
0.37489012544049233
0.4958590565097284
0.8067545794920521
0.3642933459893308
0.38650684101589566


2.4276336744545213
6.3597717291824125
0.669954653880194
0.29513102483305376
0.6316072317586994
0.8108016085866303
0.37884031349590963
0.502074981994113
0.8039466826279985
0.3683978210588488
0.39212263474400294


2.4062590140559785
6.27437916135258
0.6511899442646506
0.30609574075378493
0.613064407409029
0.8166541020605892
0.38427538763440816
0.527889247024913
0.7873876693525824
0.38694049706709244
0.4252406612948352


2.3982675732535466
6.234618850682917
0.6355983922293161
0.29791158538552837
0.6199982959708823
0.825425702713715
0.3754637381483849
0.5168292481342407
0.790832101165704
0.3800066639759093
0.41835179766859215


2.402106217264933
6.259856538242038
0.6562623445707747
0.3061215511877943
0.610146992158074
0.8141858436924225
0.3864450254837924
0.5308558063468973
0.7864522030260748
0.3898578889789121
0.4271115939478504


2.4031847786970597
6.258155138205182
0.651170462838589
0.3005099045375672
0.616088775293841
0.8200135404984334
0.38030087942229523
0.5237436326042377
0.7886649127631057
0.3839161533770328
0.42268617447378865


2.404197471571254
6.265958101798271
0.6582287806279803
0.30559768215284083
0.6133424117606824
0.8145008318528696
0.38425212658484403
0.5282104587735486
0.787489203303832
0.38666249493945837
0.4250375933923362


2.3990308339583533
6.2472213490787745
0.6504407140301575
0.3096969877143977
0.6067054007238857
0.8174549376073418
0.3862422462350178
0.537192130657578
0.7823644127652355
0.3932994528805823
0.43528717446952897


2.390400761135562
6.203102545030036
0.6340832315494667
0.3016062207186229
0.6137293002652026
0.8265529267513362
0.37742036199320905
0.5258081584788526
0.7858526357287475
0.3862756095300183
0.4283107285425049


2.393570587288799
6.221908259942827
0.6533732386608961
0.30880248068458954
0.605476610491241
0.815765687762192
0.3871345513935893
0.5387569562062492
0.7816887766385816
0.39452823328298625
0.43663844672283664


2.3953411227447075
6.226997297493543
0.6481835101933902
0.3039543063731091
0.6103007916799779
0.8215749432184386
0.3815151881899724
0.5319533950362418
0.7839887403965516
0.389704090687394
0.4320385192068967


2.3947552127606633
6.2266415943012765
0.6597470612031419
0.3120089535232266
0.6042181020474081
0.8153328637339314
0.3885650644577823
0.5422090993720229
0.7799122233795313
0.39578673165882855
0.44019155324093756


2.392299315047654
6.220384461766165
0.6534881482846786
0.3147707222993974
0.5985480430522137
0.8183279903134344
0.3902049184346683
0.548484657451718
0.7758356543011861
0.40145674529390846
0.44834469139762767


2.383979449346247
6.17700048728382
0.640105469847651
0.3077329450183719
0.6048602142675359
0.8261443979133316
0.3828931161777786
0.5390546908384969
0.7786688782946574
0.395144624575557
0.442678243410685


